300
480
180
300
480
300
900
300
600
120
300
600
120
300
60
120
60
360
900
2700
120
3600
1800
360
180
300
480
600
600
180
300
1200
120
120
300
180
300
300
120
540
300
900
600
60
300
120
120
600
180
1200
600
900
300
120
300
300
900
1200
300
600
600
720
900
300
600
180
120
300
120
480
1200
300
300
180
300
240
600
180
120
300
420
300
120
60
600
900
60
180
900
300
600
120
1800
180
240
300
1800
600
240
900
300
300
420
600
300
600
60
120
240
480
600
1800
180
300
2700
120
180
300
300
300
60
600
600
1200
60
900
1200
120
180
240
1200
660
240
300
600
1620
180
60
180
120
60
120
180
60
60
60
120
600
180
600
60
120
180
900
180
300
300
300
600
120
240
300
180
60
300
420
300
300
300
120
300
300
1800
120
180
900
60
2700
900
1200
300
180
60
60
900
120
180
300
180
180
900
1200
300
120
900
120
2100
180
600
60
300
300
600
120
480
300
120
120
900
300
300
300
900
120
300
120
60
300
120
180
300
240
180
300
300
180
600
300
60
120
300
600
1500
600
180
900
900
300
1800
600
600
900
300
900
1200
300
120
240
300
120
480
120
300
300
480
120
60
60
60
120
300
300
120
1200
600
1800
300
180
300
420
1200
60
300
300
600
360
300
180
600
60
600
120
300
1800
600
300
600
480
3060
1800
1200
60
600
180
120
300
480
600
180
300
60
120
300
900
60
600
1200
1200
300
600
60
900
300
600
900
300
600
120
180
60
900
180
600
180
180
240
240
900
60
120
300
600
900
900
1200
300
240
300
180
600
180
180
300
600
300
480
900
1200
120
900
300
60
300
600
900
300
600
300
600
480
300
600
300
900
720
900
900
120
180
600
180
300
120
120
300
60
120
60
300
120
180
180
240
600
1200
2700
300
300
300
480
1200
60
300
180
300
300
300
300
180
300
180
300
300
60
300
180
120
120
180
120
300
300
60
300
300
240
300
1500
300
300
300
180
180
300
600
120
600
120
240
180
600
1800
240
2700
120
180
120
180
120
300
600
1800
1200
600
900
120
240
300
1200
900
300
180
900
1200
720
600
900
120
600
300
600
1500
1200
480
600
600
600
60
240
300
600
600
60
600
180
120
1800
60
900
600
300
60
300
300
120
120
60
60
1500
600
60
900
300
420
300
180
360
240
2700
900
60
180
120
180
900
180
600
120
300
300
600
600
180
300
2100
60
180
300
900
2400
1800
240
300
1800
300
900
120
600
60
1620
60
1800
120
300
900
300
600
60
300
420
300
300
900
60
1800
300
120
600
60
300
60
120
300
600
120
180
60
300
300
180
360
60
1800
600
120
60
60
120
2700
180
300
300
600
1200
900
60
600
1200
180
300
900
1200
1500
1200
60
720
60
1200
600
240
180
600
480
600
180
480
180
900
60
300
60
300
600
600
60
180
900
1800
300
60
300
60
120
2700
120
180
600
300
60
300
600
900
180
1800
180
240
60
600
240
360
360
420
300
180
120
300
300
300
60
600
2700
900
300
120
120
60
600
600
300
2400
60
300
300
2700
300
