45
45
90
10
5
12
2
7
30
3
5
15
30
1
36
30
45
45
5
1
30
5
60
5
15
20
20
45
30
10
3
30
30
90
15
25
10
30
5
6
4
5
2
2
10
15
10
5
10
2
6
10
5
40
20
5
30
4
5
10
5
15
3
30
10
30
110
30
25
28
8
10
5
10
20
5
5
10
15
20
30
10
10
10
1
15
4
5
2
15
20
5
5
3
5
10
20
10
30
6
5
5
5
4
10
15
10
45
60
1
200
30
5
2
3
5
60
90
20
30
10
5
5
45
60
15
10
5
3
10
15
15
3
5
15
5
5
20
8
45
1
5
30
4
5
10
10
60
20
5
8
10
20
4
70
5
10
6
8
15
2
30
45
6
10
10
15
4
45
5
5
30
15
15
20
2
3
10
30
2
25
3
5
5
6
3
1
3
2
30
1
10
30
15
20
10
8
10
15
10
30
2
3
2
4
30
20
3
20
2
3
30
4
90
10
4
2
5
30
5
2
1
2
10
3
2
1
10
5
15
5
30
3
6
180
5
45
45
5
5
7
3
5
15
50
2
5
10
5
30
45
30
1
10
12
50
1
20
15
15
5
10
30
1
2
5
10
20
45
5
10
3
3
2
3
3
3
3
2
3
2
30
30
40
30
15
8
10
5
7
180
2
2
10
10
4
5
2
30
15
15
2
88
7
12
200
2
45
1
3
30
10
15
5
15
15
3
2
2
3
10
15
10
10
10
15
30
5
10
2
3
20
5
2
3
10
4
